   5.3500000e+00   3.4000000e+00   7.9500000e+00   9.0000000e-01   1.8500000e+00   3.5000000e+00   3.4400000e+00   3.9000000e+00   9.4000000e-01   2.3200000e+00   2.6300000e+00   1.7700000e+00   2.9400000e+00   3.5200000e+00   4.5700000e+00
   6.2500000e+00   4.7600000e+00   4.9700000e+00   4.2200000e+00   1.8700000e+00   3.8900000e+00   1.2800000e+00   4.0500000e+00   2.2500000e+00   4.7600000e+00   2.1300000e+00   2.9500000e+00   3.6800000e+00   3.4300000e+00   6.3100000e+00
   5.2600000e+00   3.4000000e+00   6.8700000e+00   3.6000000e+00   4.8600000e+00   4.3400000e+00   3.1400000e+00   3.4700000e+00   3.9200000e+00   5.9900000e+00   3.0000000e+00   1.0000000e+00   4.4500000e+00   5.7300000e+00   5.0500000e+00
   7.5900000e+00   2.2400000e+00   5.9200000e+00   3.6400000e+00   9.3100000e+00   5.5100000e+00   5.6600000e+00   2.9800000e+00   2.4900000e+00   5.1500000e+00   3.1300000e+00   4.4400000e+00   3.3300000e+00   4.6800000e+00   9.0800000e+00
   6.1700000e+00   6.7200000e+00   8.5600000e+00   4.2100000e+00   6.6700000e+00   1.0020000e+01   4.0000000e+00   3.5400000e+00   4.1800000e+00   7.4400000e+00   5.1700000e+00   9.2000000e+00   6.8200000e+00   1.5800000e+00   5.5700000e+00
   5.5300000e+00   8.5200000e+00   1.0070000e+01   8.6300000e+00   8.3200000e+00   8.9700000e+00   6.9500000e+00   8.6200000e+00   4.8700000e+00   1.0270000e+01   5.3900000e+00   5.6000000e+00   7.4600000e+00   5.9900000e+00   1.2520000e+01
   1.1230000e+01   7.8800000e+00   1.0930000e+01   1.0360000e+01   1.1280000e+01   5.8700000e+00   7.3700000e+00   1.1400000e+01   6.8000000e+00   1.2350000e+01   3.8100000e+00   7.3900000e+00   6.8700000e+00   3.6700000e+00   1.1160000e+01
   1.1690000e+01   1.1480000e+01   1.2870000e+01   1.1210000e+01   1.4160000e+01   1.1370000e+01   7.2800000e+00   8.6700000e+00   5.1200000e+00   1.3670000e+01   4.8200000e+00   6.3000000e+00   9.8800000e+00   6.4200000e+00   1.3830000e+01
   1.6670000e+01   8.2900000e+00   1.2900000e+01   1.2190000e+01   1.7960000e+01   1.1530000e+01   1.0590000e+01   1.1950000e+01   5.9000000e+00   1.1440000e+01   8.6600000e+00   9.9900000e+00   1.1910000e+01   1.1050000e+01   1.7910000e+01
   1.5180000e+01   6.2900000e+00   1.7110000e+01   1.3760000e+01   1.8690000e+01   1.6150000e+01   1.2580000e+01   1.0210000e+01   6.3500000e+00   1.8780000e+01   9.9200000e+00   7.2300000e+00   1.1610000e+01   1.2620000e+01   1.5890000e+01
   2.0660000e+01   6.5000000e+00   2.2640000e+01   1.9150000e+01   1.7880000e+01   1.8390000e+01   2.0290000e+01   1.1290000e+01   1.0840000e+01   2.1350000e+01   1.4480000e+01   1.6300000e+01   1.9730000e+01   1.4130000e+01   2.3980000e+01
   2.1280000e+01   2.0900000e+01   1.4510000e+01   2.7360000e+01   1.9280000e+01   2.4570000e+01   2.5660000e+01   1.5980000e+01   1.6110000e+01   1.6290000e+01   1.2390000e+01   1.6120000e+01   2.4700000e+01   1.9320000e+01   2.5460000e+01
   2.7180000e+01   2.0690000e+01   2.6710000e+01   3.2990000e+01   2.1640000e+01   1.9880000e+01   2.6420000e+01   1.9910000e+01   1.9590000e+01   2.5620000e+01   1.8560000e+01   2.6980000e+01   2.2180000e+01   2.5820000e+01   2.7420000e+01
   3.5130000e+01   2.6250000e+01   2.9280000e+01   3.4550000e+01   3.7690000e+01   2.8250000e+01   2.8570000e+01   2.0470000e+01   2.6470000e+01   3.8720000e+01   2.0290000e+01   2.9290000e+01   2.8730000e+01   2.4910000e+01   3.5550000e+01
   3.7590000e+01   3.4190000e+01   4.1740000e+01   4.4070000e+01   4.6170000e+01   3.9860000e+01   3.3070000e+01   2.6640000e+01   3.1630000e+01   3.6520000e+01   2.7110000e+01   3.3980000e+01   3.6260000e+01   3.6570000e+01   3.5320000e+01
   4.0810000e+01   3.2190000e+01   4.3700000e+01   4.4670000e+01   4.4560000e+01   3.8460000e+01   4.2180000e+01   2.9800000e+01   3.2520000e+01   3.6980000e+01   3.0480000e+01   3.5750000e+01   4.7220000e+01   3.8030000e+01   4.4560000e+01
   4.6770000e+01   4.2890000e+01   4.0260000e+01   4.6670000e+01   4.4880000e+01   4.4480000e+01   4.6070000e+01   3.6530000e+01   3.8740000e+01   4.5200000e+01   3.4430000e+01   4.5840000e+01   4.7730000e+01   4.8460000e+01   4.5320000e+01
   5.6960000e+01   4.5110000e+01   3.4810000e+01   5.4200000e+01   4.2630000e+01   4.9130000e+01   4.5530000e+01   5.1450000e+01   4.5150000e+01   4.3590000e+01   4.6560000e+01   4.3170000e+01   3.5730000e+01   4.7120000e+01   5.0750000e+01
   5.1730000e+01   5.4740000e+01   5.7030000e+01   4.7920000e+01   5.8550000e+01   4.5750000e+01   5.4470000e+01   5.2310000e+01   5.0290000e+01   3.4800000e+01   4.6520000e+01   4.8460000e+01   4.1230000e+01   5.2880000e+01   5.2680000e+01
   5.5740000e+01   5.3620000e+01   6.2980000e+01   6.3480000e+01   4.9810000e+01   5.4280000e+01   5.1290000e+01   3.7850000e+01   5.7760000e+01   4.7300000e+01   5.4600000e+01   4.2980000e+01   5.8920000e+01   5.8680000e+01   5.7530000e+01
   4.7500000e+01   6.4260000e+01   6.1800000e+01   5.8000000e+01   5.1330000e+01   5.2760000e+01   4.5940000e+01   5.1110000e+01   5.8990000e+01   5.6820000e+01   5.2270000e+01   5.0700000e+01   6.0430000e+01   5.3090000e+01   6.2730000e+01
   4.7500000e+01   6.7580000e+01   6.2620000e+01   7.0690000e+01   6.4550000e+01   6.3070000e+01   6.0140000e+01   5.0860000e+01   5.7560000e+01   6.0030000e+01   5.5640000e+01   4.3960000e+01   5.5560000e+01   5.9540000e+01   6.2510000e+01
   7.1320000e+01   6.4810000e+01   6.5720000e+01   6.8130000e+01   6.3060000e+01   6.6940000e+01   6.6030000e+01   6.4510000e+01   6.4580000e+01   5.3710000e+01   5.4160000e+01   5.8210000e+01   6.7910000e+01   5.7450000e+01   6.6070000e+01
   7.3500000e+01   6.9990000e+01   6.8030000e+01   6.8670000e+01   5.5870000e+01   6.2840000e+01   6.9090000e+01   6.2260000e+01   6.4830000e+01   6.3890000e+01   6.0820000e+01   7.1460000e+01   6.9250000e+01   6.1840000e+01   6.4910000e+01
   6.2360000e+01   7.3610000e+01   6.8920000e+01   7.1460000e+01   6.8880000e+01   5.9500000e+01   6.4680000e+01   6.7090000e+01   6.5730000e+01   6.5100000e+01   5.8810000e+01   6.9890000e+01   7.1010000e+01   6.6650000e+01   6.3140000e+01
   6.7820000e+01   7.6570000e+01   6.8890000e+01   6.8740000e+01   7.1470000e+01   6.8330000e+01   6.4930000e+01   6.3610000e+01   6.8680000e+01   6.6530000e+01   6.6230000e+01   6.7230000e+01   6.9660000e+01   5.9510000e+01   5.5470000e+01
   4.7720000e+01   6.6820000e+01   6.6440000e+01   6.5610000e+01   7.0540000e+01   6.1060000e+01   7.0410000e+01   5.8740000e+01   6.5540000e+01   6.6810000e+01   6.9350000e+01   6.5370000e+01   6.6630000e+01   7.0460000e+01   6.5310000e+01
   6.9360000e+01   6.6080000e+01   6.7850000e+01   5.8320000e+01   6.6500000e+01   5.9200000e+01   6.2800000e+01   6.2970000e+01   5.9110000e+01   6.1590000e+01   6.5680000e+01   7.1860000e+01   6.5600000e+01   6.4530000e+01   5.7190000e+01
   6.5010000e+01   6.5910000e+01   6.2120000e+01   6.0890000e+01   6.0130000e+01   5.8730000e+01   6.5440000e+01   6.2660000e+01   5.9260000e+01   6.1250000e+01   6.6660000e+01   6.3320000e+01   5.4970000e+01   6.0770000e+01   5.3300000e+01
   5.6030000e+01   6.1380000e+01   5.2890000e+01   3.6880000e+01   5.5700000e+01   5.1940000e+01   5.9160000e+01   5.3800000e+01   5.3620000e+01   5.4050000e+01   6.3720000e+01   5.2880000e+01   5.3120000e+01   6.0180000e+01   5.3480000e+01
   6.2070000e+01   5.6210000e+01   5.2400000e+01   4.7140000e+01   4.3710000e+01   4.8190000e+01   5.2320000e+01   4.5150000e+01   5.3560000e+01   4.5480000e+01   5.2830000e+01   5.2160000e+01   4.8490000e+01   4.6100000e+01   4.3460000e+01
   5.6310000e+01   4.9330000e+01   4.0580000e+01   4.7440000e+01   4.7180000e+01   4.2250000e+01   5.1490000e+01   5.4800000e+01   4.4560000e+01   3.8830000e+01   5.3070000e+01   4.9580000e+01   4.3100000e+01   4.9600000e+01   4.0440000e+01
   4.4500000e+01   4.4590000e+01   3.4730000e+01   3.4960000e+01   3.7720000e+01   3.0490000e+01   4.1400000e+01   4.7710000e+01   4.4640000e+01   3.9740000e+01   3.8600000e+01   4.5770000e+01   3.9410000e+01   4.1310000e+01   3.2860000e+01
   3.8910000e+01   4.1500000e+01   3.7600000e+01   4.2730000e+01   3.4790000e+01   3.6890000e+01   3.1310000e+01   4.0350000e+01   3.7420000e+01   3.8300000e+01   3.8420000e+01   3.7940000e+01   3.0100000e+01   3.5650000e+01   3.4860000e+01
   3.8550000e+01   2.6260000e+01   2.8060000e+01   3.8470000e+01   2.3730000e+01   2.7270000e+01   2.4570000e+01   3.3360000e+01   2.9700000e+01   3.4320000e+01   2.4170000e+01   3.1080000e+01   2.6650000e+01   3.3400000e+01   2.9410000e+01
   2.5700000e+01   2.5190000e+01   1.9650000e+01   2.8360000e+01   2.2330000e+01   2.2980000e+01   1.9380000e+01   2.2450000e+01   1.9950000e+01   2.9090000e+01   2.4330000e+01   1.9200000e+01   2.5430000e+01   1.9790000e+01   2.5020000e+01
   1.8920000e+01   2.1390000e+01   1.5930000e+01   1.9030000e+01   1.5620000e+01   1.8720000e+01   1.9080000e+01   1.6650000e+01   1.5330000e+01   2.5930000e+01   1.9450000e+01   1.0420000e+01   2.2100000e+01   2.1070000e+01   2.2490000e+01
   1.1930000e+01   1.2760000e+01   1.5810000e+01   1.5590000e+01   1.8950000e+01   1.4490000e+01   1.5080000e+01   1.7320000e+01   1.3530000e+01   1.6460000e+01   1.5480000e+01   1.0270000e+01   1.4640000e+01   1.9120000e+01   1.3540000e+01
   1.0520000e+01   1.2520000e+01   9.3200000e+00   8.9800000e+00   9.3800000e+00   8.0100000e+00   9.1600000e+00   9.0500000e+00   1.1580000e+01   1.6500000e+01   1.0560000e+01   1.3330000e+01   1.3600000e+00   1.0900000e+01   1.5010000e+01
   1.2810000e+01   5.0800000e+00   8.3400000e+00   1.2620000e+01   9.2900000e+00   6.6800000e+00   1.1230000e+01   1.0140000e+01   7.9400000e+00   1.0060000e+01   1.3640000e+01   7.3200000e+00   1.1360000e+01   9.4400000e+00   1.1310000e+01
   8.7500000e+00   9.5200000e+00   4.1900000e+00   7.6900000e+00   9.7700000e+00   3.7000000e+00   6.5800000e+00   8.9800000e+00   3.4000000e+00   3.6300000e+00   6.7400000e+00   4.7400000e+00   7.1400000e+00   7.6900000e+00   8.7600000e+00
   5.7400000e+00   7.5600000e+00   3.8400000e+00   6.9300000e+00   4.1900000e+00   1.6500000e+00   3.9700000e+00   4.7900000e+00   4.8600000e+00   1.8600000e+00   5.7900000e+00   5.0500000e+00   6.6600000e+00   4.3000000e+00   8.2600000e+00
   5.2100000e+00   6.4000000e+00   3.2900000e+00   3.8000000e+00   5.3600000e+00   1.8600000e+00   4.6800000e+00   4.0700000e+00   3.1300000e+00   6.1300000e+00   4.7000000e+00   4.1100000e+00   1.7400000e+00   5.1300000e+00   4.6500000e+00
   5.5000000e-01   2.9700000e+00   1.2900000e+00   5.4000000e+00   4.1000000e+00   4.3700000e+00   2.2500000e+00   2.1300000e+00   2.0500000e+00   3.1400000e+00   4.2200000e+00   2.1800000e+00   2.2300000e+00   6.0200000e+00   7.6700000e+00
   5.6000000e+00   5.2600000e+00   3.5900000e+00   3.6500000e+00   2.3100000e+00   3.3600000e+00   3.3000000e+00   8.6000000e-01   3.8700000e+00   3.6400000e+00   3.3000000e+00   1.5400000e+00   3.1200000e+00   2.5500000e+00   2.7500000e+00
   3.4500000e+00   2.4500000e+00   8.9000000e-01   4.1700000e+00   2.0400000e+00   3.2100000e+00   1.3700000e+00   8.9000000e-01   2.1300000e+00   1.2800000e+00   2.2400000e+00   1.4300000e+00   1.4600000e+00   1.8700000e+00   2.1000000e+00
